potential =

    1.0000    0.0400         0   15.0000
    2.0000    0.0600         0    9.0919
    3.0000    0.0800         0    4.2525
    4.0000    0.1000         0         0
    5.0000         0    0.0200   15.0000
    6.0000    0.0200    0.0200   15.0000
    7.0000    0.0400    0.0200   15.0000
    8.0000    0.0600    0.0200    8.5575
    9.0000    0.0800    0.0200    3.9590
   10.0000    0.1000    0.0200         0
   11.0000         0    0.0400   10.5490
   12.0000    0.0200    0.0400   10.2912
   13.0000    0.0400    0.0400    9.2492
   14.0000    0.0600    0.0400    6.1791
   15.0000    0.0800    0.0400    3.0262
   16.0000    0.1000    0.0400         0
   17.0000         0    0.0600    6.6135
   18.0000    0.0200    0.0600    6.3668
   19.0000    0.0400    0.0600    5.5263
   20.0000    0.0600    0.0600    3.8834
   21.0000    0.0800    0.0600    1.9667
   22.0000    0.1000    0.0600         0
   23.0000         0    0.0800    3.1714
   24.0000    0.0200    0.0800    3.0360
   25.0000    0.0400    0.0800    2.6060
   26.0000    0.0600    0.0800    1.8616
   27.0000    0.0800    0.0800    0.9571
   28.0000    0.1000    0.0800         0
   29.0000         0    0.1000         0
   30.0000    0.0200    0.1000         0
   31.0000    0.0400    0.1000         0
   32.0000    0.0600    0.1000         0
   33.0000    0.0800    0.1000         0
   34.0000    0.1000    0.1000         0
